130

LIN 400 4 8
WISH 2 2 2 2 2 0 0
1 1 1 1 1 1 
NONE
NONE
NONE
NONE
0

NPC
SHOU 60 0
DENG 58 0
DENG_JU 104 0
MU_JU_CI 110 0
ENDNPC

PC

LIN_turn6 400 4 8
WISH 2 2 2 2 2 0 0
417 385 1 187 1 311 
BLADE 200 110 110 110 110 0
VULTURE 200 110 110 110 110 0
THORN 200 110 110 110 110 0
SCARF 200 110 110 110 110 0
2 BI FEI

LIN_turn5 400 4 8
WISH 2 2 2 2 2 0 0
593 369 1 25 1 313 
BLADE 200 110 110 110 110 0
VULTURE 200 110 110 110 110 0
THORN 200 110 110 110 110 0
TIARA 200 110 110 110 110 0
4 SHI XIN FENG FEI

MO_turn4 400 4 8
WISH 0 0 0 0 0 0 0
6 111 492 1 683 9 
DAGGER 200 110 110 110 110 0
BRACELET 200 110 110 110 110 0
CLOAK 200 110 110 110 110 0
TIARA 200 110 110 110 110 0
2 MO BO

WEI_turn4 400 4 8
WISH 0 0 0 0 0 0 0
433 361 1 217 1 289 
BLADE 200 110 110 110 110 0
GLOVES 200 110 110 110 110 0
THORN 200 110 110 110 110 0
TIARA 200 110 110 110 110 0
2 BI JUE

MENG_turn4 400 4 8
WISH 0 0 0 0 0 0 0
369 341 17 195 1 379 
BLADE 200 110 110 110 110 0
VULTURE 200 110 110 110 110 0
THORN 200 110 110 110 110 0
TIARA 200 110 110 110 110 0
2 XUE FEI

AI_turn4 400 4 8
WISH 0 0 0 0 0 0 0
433 73 1 433 1 361 
DAGGER 200 110 110 110 110 0
GLOVES 200 110 110 110 110 0
THORN 200 110 110 110 110 0
SCARF 200 110 110 110 110 0
4 SHI XIN SHANG CI

LIN_turn4 400 4 8
WISH 0 0 0 0 0 0 0
497 153 49 385 1 217 
ASSBOW 200 110 110 110 110 0
VULTURE 200 110 110 110 110 0
THORN 200 110 110 110 110 0
SCARF 200 110 110 110 110 0
3 DUN SHANG CI

LIN_turn3 400 4 8
WISH 0 0 0 0 0 0 0
577 73 1 433 1 217 
ASSBOW 200 110 110 110 110 0
VULTURE 200 110 110 110 110 0
THORN 200 110 110 110 110 0
SCARF 200 110 110 110 110 0
3 DUN SHANG CI

AI_turn3 400 4 8
WISH 0 0 0 0 0 0 0
433 1 1 433 1 433 
DAGGER 200 110 110 110 110 0
GLOVES 200 110 110 110 110 0
THORN 200 110 110 110 110 0
TIARA 200 110 110 110 110 0
4 SHI FENG MO CI

WEI_turn3 400 4 8
WISH 0 0 0 0 0 0 0
793 1 1 217 1 289 
ASSBOW 200 110 110 110 110 0
GLOVES 200 110 110 110 110 0
THORN 200 110 110 110 110 0
SCARF 200 110 110 110 110 0
4 SHI FENG CI REN

ENDPC

GEAR

//SWORD 200 110 110 110 110 0
//BOW 200 110 110 110 110 0
STAFF 200 110 110 110 110 0
BLADE 200 110 110 110 110 0
ASSBOW 200 110 110 110 110 0
DAGGER 200 110 110 110 110 0
WAND 200 110 110 110 110 0
SHIELD 200 110 110 110 110 0
CLAYMORE 200 110 110 110 110 0
GLOVES 200 110 110 110 110 0
BRACELET 200 110 110 110 110 0
VULTURE 200 110 110 110 110 0
//PLATE 200 110 110 110 110 0
//LEATHER 200 110 110 110 110 0
//CLOTH 200 110 110 110 110 0
CLOAK 200 110 110 110 110 0
THORN 200 110 110 110 110 0
SCARF 200 110 110 110 110 0
TIARA 200 110 110 110 110 0
RIBBON 200 110 110 110 110 0


ENDGEAR

THREADS 12
TESTS 10
REDUCERATE 3 10
PCWEIGHT 1 1
SEEDMAX 1000000
//AURAFILTER XIN
DEFENDER 2
VERBOSE 1
END
